
%
%  Displayed outputs when the alternate input file
%  linearizedmodelaircraft01_data04.mat is used to
%  compute the model, analyze the model, design
%  a feedback controller, simulate the closed-loop and
%  open-loop response, and plot results for this
%  file's different steady-motion condition:
%
%  
 A_o =1.0e+02 * [     0                   0                   0    0.000000000000000                   0   1.050000000000000;...
                    0                   0                   0   -0.010000000000000                   0   0.000000000000000;...
                    0                   0                   0                    0  -1.050000000000000                   0;...
                    0                   0  -0.000000862951937   -0.000168152348923  -0.097972100000000                   0;...
                    0                   0   0.000000090753043    0.000017683878724                   0                   0;...
                    0                   0                   0                    0                   0                   0];
 
%  
 B_o =[               0                   0                   0;...
                    0                   0                   0;...
                    0                   0                   0;...
    0.000190111366426  -4.523413162537767                   0;...
    0.000000100439162   1.683726275945098                   0;...
                    0                   0   0.093306761904762];
 
 lambdavec_o =[-0.008407617446159 + 0.134935118747691i;...
  -0.008407617446159 - 0.134935118747691i;...
  -0.000000000000000 + 0.000000000000000i;...
   0.000000000000000 + 0.000000000000000i;...
   0.000000000000000 + 0.000000000000000i;...
   0.000000000000000 + 0.000000000000000i];
%  

%  
%  This system may be neutrally stable because the maximum
%   eigenvalue real part maximized over all of its eigenvalues
%   appears to be zero to within machine precision.
%   
%  Warning: For eigenvalue lambda = -7.1657e-19, the rank of (lambda*eye(n) - A) is
%   4 but it should be smaller, it should be 2 in order for neutral
%   stability to hold true, because this eigenvalue is repeated 4 times.
%   Therefore, this system is unstable.
%  
 svsControllabilitymat_o =1.0e+02 * [1.776403628034741;...
    0.164446174143162;...
    0.097972100000000;...
    0.048074657590039;...
    0.000933067619048;...
    0.000000822563116];
  

%  
 K_o =1.0e+05 *[-0.000509667071436   0.000381386641789   0.000038260219039 0.002614022501539  -0.276005884747732  -1.791666041962433; ...
    0.000000000079468  -0.000000000100308  -0.000000000417663 0.000000008278612   0.000002501356656   0.000000272839670;...
   -0.000000001934614  -0.000000004902788   0.000000002402519 0.000000480936388  -0.000000689040680   0.000038458753045];